09391516313
09141921889
09195246298
09194941107
09171019665
09167739307
09227760961
09216552482
09208589040
09351419608
09143697685
09335572776
09209498017
09194792729
09338605804
09391092873
09385280366
09986469246
09339138316
09219922297
09305447662
09985578437
09351795439
09307459359
09224266889
09106233607
09362306626
09141354880
09142707230
09982534520
09201502095
09142199971
09134115522
09989537636
09192155628
09225192021
09363004970
09355389035
09103920206
09179603089
09191114632
09206872859
09398017774
09161966625
09122249659
09394503959
09179626048
09361748016
09385160416
09139498064
09228529836
09193721159
09213361247
09985873203
09385667700
09102904072
09122571395
09148167269
09987329973
09227738104
09395645293
09354929852
09397646619
09385873613
09108125630
09201239470
09305362535
09196267658
09218673886
09354033372
09169221942
09229675872
09228492538
09351324848
09219735042
09358140525
09222157264
09219835936
09167355840
09132452697
09362720717
09206551200
09304531876
09166562885
09394286881
09209710437
09393687836
09125362158
09308885819
09365442057
09333934908
09223184072
09336117798
09357320380
09124275085
09363605079
09106261759
09195484371
09197105790
09338466101
09906696080
09383452726
09215071342
09301087734
09399952175
09386528879
09146951517
09222404663
09105425589
09384265945
09222791760
09121391874
09205411886
09384901946
09145511278
09305264637
09205394021
09388877842
09206267461
09224458880
09212740788
09215721553
09226155749
09207405140
09191728308
09396999429
09161865307
09395159643
09368985815
09124340319
09124955278
09393354230
09191897385
09387416184
09366192743
09224970885
09988634756
09202629777
09106389780
09386548885
09386087264
09355420921
09175775488
09172763847
09336430784
09333762993
09166196801
09135677337
09107863373
09133723308
09104575359
09125637724
09198895425
09303938292
09176330535
09303242441
09176192011
09172988729
09221194419
09305368457
09196045218
09214127989
09305512383
09215049615
09193538664
09108273414
09108048559
09385871732
09365455056
09133051613
09109046634
09104946761
09129511651
09303946905
09204166574
09397608428
09392856813
09361141561
09127560500
09179357361
09174763883
09385361943
09101577933
